{
 "cells": [
  {
   "cell_type": "markdown",
   "metadata": {
    "id": "XhATaaotWpYY"
   },
   "source": [
    "# Visual Odometry for KITTI Dataset\n",
    "\n",
    "Implementation of VO"
   ]
  },
  {
   "cell_type": "markdown",
   "metadata": {
    "id": "1nvWOLW-YUMv"
   },
   "source": [
    "## Google Colab\n"
   ]
  },
  {
   "cell_type": "code",
   "execution_count": null,
   "metadata": {
    "colab": {
     "base_uri": "https://localhost:8080/"
    },
    "executionInfo": {
     "elapsed": 257,
     "status": "ok",
     "timestamp": 1612557785555,
     "user": {
      "displayName": "Taeyoung Lee",
      "photoUrl": "",
      "userId": "07906618747313337531"
     },
     "user_tz": 300
    },
    "id": "f7eDiZtVX6DM",
    "outputId": "79b61644-4fd1-4046-c98d-fbc6a8a3d93a"
   },
   "outputs": [],
   "source": [
    "# from google.colab import drive\n",
    "\n",
    "# drive.mount('/content/drive')\n",
    "# %cd '/content/drive/MyDrive/Colab Notebooks'\n",
    "\n",
    "# import numpy as np\n",
    "# import cv2\n",
    "# import matplotlib.pyplot as plt\n",
    "# import math\n",
    "# import scipy.signal\n",
    "# import scipy.linalg\n",
    "# import importlib\n",
    "# import mae6292.tools as mae6292\n",
    "\n",
    "# from google.colab.patches import cv2_imshow\n",
    "# from google.colab import files as FILE\n",
    "# import os"
   ]
  },
  {
   "cell_type": "markdown",
   "metadata": {
    "id": "YaFe_Ot-ziRV"
   },
   "source": [
    "## Jupyter Notebook"
   ]
  },
  {
   "cell_type": "code",
   "execution_count": 1,
   "metadata": {
    "colab": {
     "base_uri": "https://localhost:8080/",
     "height": 334
    },
    "executionInfo": {
     "elapsed": 231,
     "status": "error",
     "timestamp": 1612557788001,
     "user": {
      "displayName": "Taeyoung Lee",
      "photoUrl": "",
      "userId": "07906618747313337531"
     },
     "user_tz": 300
    },
    "id": "XOGSROrK6oGt",
    "outputId": "201bf5ab-4d81-436e-cb82-4c62e1feaf32"
   },
   "outputs": [],
   "source": [
    "import numpy as np\n",
    "import cv2\n",
    "import matplotlib.pyplot as plt\n",
    "import math\n",
    "import scipy.signal\n",
    "import scipy.linalg\n",
    "import mae6292.tools as mae6292\n",
    "import importlib\n",
    "\n",
    "from mae6292.imshow import cv2_imshow"
   ]
  },
  {
   "cell_type": "markdown",
   "metadata": {
    "id": "SEUEyf2dPM-4"
   },
   "source": [
    "## Boostrapping\n",
    "\n",
    "Bootstrapping to initilize VO has been implemented by\n",
    "```\n",
    "keypoints0, p_W0, R1, T1 = mae6292.VO_bootstrap(img0, img1, K, display = False)   \n",
    "```"
   ]
  },
  {
   "cell_type": "code",
   "execution_count": 18,
   "metadata": {
    "scrolled": true
   },
   "outputs": [
    {
     "output_type": "stream",
     "name": "stdout",
     "text": [
      "(376, 1241)\n",
      "N_keypoints0= 728\n"
     ]
    }
   ],
   "source": [
    "!jupyter nbconvert --to script VO - KITTI.ipynb\n",
    "importlib.reload(mae6292)\n",
    "\n",
    "K = np.loadtxt('data/K.txt')\n",
    "img0 = cv2.imread('/Users/tylee/Downloads/kitti/00/image_0/000000.png', cv2.IMREAD_GRAYSCALE)\n",
    "print(img0.shape)\n",
    "img1 = cv2.imread('/Users/tylee/Downloads/kitti/00/image_0/000002.png', cv2.IMREAD_GRAYSCALE)\n",
    "\n",
    "# PARAMETERS\n",
    "param_bootstrap = {\n",
    "    # keypoints\n",
    "    'W_harris_patch' : 4, # size of harris patch\n",
    "    'kappa_harris' : 0.08, # kappa for harris score\n",
    "    'N_keypoint' : 2000, # number of keypoints to be detected\n",
    "    'W_nms' : 8, # patch size for non-maximum supression\n",
    "    # KLT\n",
    "    'W_KLT' : 4, # patch size for KLT\n",
    "    'tol_KLT_bidir' : 1, # tolerence of bidirectional error\n",
    "    # find essential matrix\n",
    "    'tol_E' : 1, # tolerence for epipolar line distance\n",
    "    'tol_E_RANSAC_prob' : 0.99, # eseential matrix RANSAC probability\n",
    "    # triangulation\n",
    "    'tol_TRI_mu' : 1e-3, # tolerence for the singular value ratio\n",
    "    'tol_TRI_rep' : 1, # tolerence for the reprojection error\n",
    "    'tol_TRI_depth' : (1, 100) # min depth and max depth for triangulation\n",
    "}\n",
    "\n",
    "keypoints0, p_W0, R1, T1 = mae6292.VO_bootstrap(img0, img1, K, param_bootstrap, display = True)   \n",
    "scale = 0.693071855459021\n",
    "T1 = T1*scale\n",
    "p_W0 = p_W0*scale\n",
    "\n",
    "print('N_keypoints0=',len(keypoints0))\n"
   ]
  },
  {
   "cell_type": "markdown",
   "metadata": {},
   "source": [
    "## Localization and Mapping\n",
    "\n",
    "\n",
    "The sequential process for localization and mapping has been implemented by\n",
    "```\n",
    "    R, T, S, C, fig = mae6292.VO_localization_mapping(i_frame, K, img, img_pre, S_pre, C_pre, display_process=True)\n",
    "```\n",
    "Each frame is saved under the folder `output`"
   ]
  },
  {
   "cell_type": "code",
   "execution_count": 19,
   "metadata": {
    "tags": [
     "outputPrepend"
    ]
   },
   "outputs": [
    {
     "output_type": "stream",
     "name": "stdout",
     "text": [
      "4  0.94993314]]\n",
      "T_W= [34.16129472 -1.01265465 66.88162316]\n",
      " \n",
      "i_frame= 276\n",
      "S_pre= 196 , KLT_matched= 175 , PnP_inliers= 157 , S_new =  187\n",
      "C_pre= 809 , KLT_matched= 190 , TRI_inliers= 30 , C_new =  872\n",
      "R= [[ 0.95077603  0.04641701 -0.30638278]\n",
      " [-0.03827297  0.9987374   0.03253899]\n",
      " [ 0.30750631 -0.01921111  0.95135209]]\n",
      "T_W= [34.2694947  -1.02391171 67.23536815]\n",
      " \n",
      "i_frame= 277\n",
      "S_pre= 187 , KLT_matched= 168 , PnP_inliers= 153 , S_new =  180\n",
      "C_pre= 872 , KLT_matched= 209 , TRI_inliers= 27 , C_new =  863\n",
      "R= [[ 0.95161811  0.04211024 -0.30438414]\n",
      " [-0.03410801  0.99891966  0.0315619 ]\n",
      " [ 0.30538438 -0.01965294  0.95202634]]\n",
      "T_W= [34.36829958 -1.03533979 67.64232268]\n",
      " \n",
      "i_frame= 278\n",
      "S_pre= 180 , KLT_matched= 166 , PnP_inliers= 144 , S_new =  166\n",
      "C_pre= 863 , KLT_matched= 251 , TRI_inliers= 22 , C_new =  803\n",
      "R= [[ 0.95295263  0.03725744 -0.30082083]\n",
      " [-0.02940905  0.99909965  0.03057787]\n",
      " [ 0.30168923 -0.0202924   0.95319034]]\n",
      "T_W= [34.47724786 -1.04296143 67.99714288]\n",
      " \n",
      "i_frame= 279\n",
      "S_pre= 166 , KLT_matched= 147 , PnP_inliers= 139 , S_new =  189\n",
      "C_pre= 803 , KLT_matched= 299 , TRI_inliers= 50 , C_new =  709\n",
      "R= [[ 0.95344874  0.03573879 -0.29942987]\n",
      " [-0.02841451  0.99918181  0.02878059]\n",
      " [ 0.30021347 -0.01893267  0.95368414]]\n",
      "T_W= [34.57907209 -1.04721686 68.38604519]\n",
      " \n",
      "i_frame= 280\n",
      "S_pre= 189 , KLT_matched= 172 , PnP_inliers= 159 , S_new =  177\n",
      "C_pre= 709 , KLT_matched= 269 , TRI_inliers= 18 , C_new =  736\n",
      "R= [[ 0.95371003  0.03722263 -0.29841522]\n",
      " [-0.03115409  0.99920017  0.02506872]\n",
      " [ 0.29910967 -0.01461143  0.95410687]]\n",
      "T_W= [34.68574639 -1.04887111 68.77161545]\n",
      " \n",
      "i_frame= 281\n",
      "S_pre= 177 , KLT_matched= 164 , PnP_inliers= 153 , S_new =  181\n",
      "C_pre= 736 , KLT_matched= 284 , TRI_inliers= 28 , C_new =  686\n",
      "R= [[ 0.9537486   0.03883498 -0.29808633]\n",
      " [-0.032404    0.9991238   0.02648791]\n",
      " [ 0.2988538  -0.01560361  0.95417133]]\n",
      "T_W= [34.78587452 -1.04531695 69.18576779]\n",
      " \n",
      "i_frame= 282\n",
      "S_pre= 181 , KLT_matched= 168 , PnP_inliers= 151 , S_new =  170\n",
      "C_pre= 686 , KLT_matched= 238 , TRI_inliers= 19 , C_new =  777\n",
      "R= [[ 0.9544236   0.04164175 -0.29553606]\n",
      " [-0.03416893  0.99895338  0.03040758]\n",
      " [ 0.29649298 -0.01892356  0.95484753]]\n",
      "T_W= [34.88891781 -1.04816453 69.56375229]\n",
      " \n",
      "i_frame= 283\n",
      "S_pre= 170 , KLT_matched= 146 , PnP_inliers= 134 , S_new =  149\n",
      "C_pre= 777 , KLT_matched= 227 , TRI_inliers= 15 , C_new =  913\n",
      "R= [[ 0.95550741  0.04938943 -0.29080282]\n",
      " [-0.04153706  0.99858795  0.03311769]\n",
      " [ 0.29202786 -0.0195651   0.95620967]]\n",
      "T_W= [35.01278737 -1.12052275 69.98669005]\n",
      " \n",
      "i_frame= 284\n",
      "S_pre= 149 , KLT_matched= 138 , PnP_inliers= 133 , S_new =  157\n",
      "C_pre= 913 , KLT_matched= 236 , TRI_inliers= 24 , C_new =  922\n",
      "R= [[ 0.95677705  0.05236272 -0.2860696 ]\n",
      " [-0.04402319  0.99839919  0.03551067]\n",
      " [ 0.2874711  -0.0213821   0.95755061]]\n",
      "T_W= [35.10245822 -1.12602805 70.40540121]\n",
      " \n",
      "i_frame= 285\n",
      "S_pre= 157 , KLT_matched= 146 , PnP_inliers= 131 , S_new =  159\n",
      "C_pre= 922 , KLT_matched= 251 , TRI_inliers= 28 , C_new =  924\n",
      "R= [[ 0.9580823   0.05324845 -0.28150115]\n",
      " [-0.04624741  0.99843447  0.03146087]\n",
      " [ 0.2827357  -0.0171234   0.959045  ]]\n",
      "T_W= [35.17556656 -1.12712232 70.82357737]\n",
      " \n",
      "i_frame= 286\n",
      "S_pre= 159 , KLT_matched= 146 , PnP_inliers= 139 , S_new =  204\n",
      "C_pre= 924 , KLT_matched= 285 , TRI_inliers= 65 , C_new =  790\n",
      "R= [[ 0.95942965  0.05529917 -0.27647195]\n",
      " [-0.05047865  0.9984239   0.024528  ]\n",
      " [ 0.27739258 -0.00957696  0.96070892]]\n",
      "T_W= [35.26488733 -1.1386004  71.25159065]\n",
      " \n",
      "i_frame= 287\n",
      "S_pre= 204 , KLT_matched= 181 , PnP_inliers= 171 , S_new =  205\n",
      "C_pre= 790 , KLT_matched= 205 , TRI_inliers= 34 , C_new =  874\n",
      "R= [[ 9.60405089e-01  5.71446004e-02 -2.72683991e-01]\n",
      " [-5.48092703e-02  9.98365735e-01  1.61803006e-02]\n",
      " [ 2.73162970e-01 -5.94032528e-04  9.61967587e-01]]\n",
      "T_W= [35.36748776 -1.14654259 71.67310994]\n",
      " \n",
      "i_frame= 288\n",
      "S_pre= 205 , KLT_matched= 187 , PnP_inliers= 175 , S_new =  212\n",
      "C_pre= 874 , KLT_matched= 206 , TRI_inliers= 37 , C_new =  891\n",
      "R= [[ 0.96173786  0.05037276 -0.26930071]\n",
      " [-0.04894757  0.99872915  0.01200895]\n",
      " [ 0.26956339  0.00163215  0.96298126]]\n",
      "T_W= [35.45590916 -1.15291689 72.08759847]\n",
      " \n",
      "i_frame= 289\n",
      "S_pre= 212 , KLT_matched= 202 , PnP_inliers= 192 , S_new =  285\n",
      "C_pre= 891 , KLT_matched= 308 , TRI_inliers= 93 , C_new =  690\n",
      "R= [[ 0.9629736   0.04869669 -0.26516124]\n",
      " [-0.04606134  0.99880803  0.01615166]\n",
      " [ 0.26563171 -0.00333994  0.96406879]]\n",
      "T_W= [35.5463421  -1.16018846 72.49331545]\n",
      " \n",
      "i_frame= 290\n",
      "S_pre= 285 , KLT_matched= 239 , PnP_inliers= 226 , S_new =  283\n",
      "C_pre= 690 , KLT_matched= 244 , TRI_inliers= 57 , C_new =  639\n",
      "R= [[ 0.96469464  0.04989747 -0.25860102]\n",
      " [-0.04447459  0.99865147  0.02678171]\n",
      " [ 0.25958862 -0.014335    0.96561289]]\n",
      "T_W= [35.63601911 -1.16359827 72.90621589]\n",
      " \n",
      "i_frame= 291\n",
      "S_pre= 283 , KLT_matched= 222 , PnP_inliers= 208 , S_new =  252\n",
      "C_pre= 639 , KLT_matched= 212 , TRI_inliers= 44 , C_new =  716\n",
      "R= [[ 0.96577748  0.05433788 -0.25361634]\n",
      " [-0.04733959  0.99831289  0.03362046]\n",
      " [ 0.25501533 -0.02046379  0.96672044]]\n",
      "T_W= [35.71554313 -1.1667678  73.31927321]\n",
      " \n",
      "i_frame= 292\n",
      "S_pre= 252 , KLT_matched= 203 , PnP_inliers= 192 , S_new =  248\n",
      "C_pre= 716 , KLT_matched= 258 , TRI_inliers= 56 , C_new =  697\n",
      "R= [[ 0.96732725  0.05552172 -0.2473769 ]\n",
      " [-0.04877766  0.99825397  0.03331281]\n",
      " [ 0.24879455 -0.02015792  0.96834649]]\n",
      "T_W= [35.80281558 -1.17389565 73.72312209]\n",
      " \n",
      "i_frame= 293\n",
      "S_pre= 248 , KLT_matched= 202 , PnP_inliers= 187 , S_new =  238\n",
      "C_pre= 697 , KLT_matched= 254 , TRI_inliers= 51 , C_new =  687\n",
      "R= [[ 0.96929512  0.04842958 -0.24108412]\n",
      " [-0.04263185  0.99866376  0.02920979]\n",
      " [ 0.24217659 -0.01803505  0.97006455]]\n",
      "T_W= [35.87688541 -1.17710961 74.16000766]\n",
      " \n",
      "i_frame= 294\n",
      "S_pre= 238 , KLT_matched= 202 , PnP_inliers= 190 , S_new =  231\n",
      "C_pre= 687 , KLT_matched= 286 , TRI_inliers= 41 , C_new =  651\n",
      "R= [[ 0.97100071  0.04268487 -0.23523523]\n",
      " [-0.03664193  0.99887798  0.03000249]\n",
      " [ 0.23625195 -0.02051297  0.97147529]]\n",
      "T_W= [35.93299022 -1.18358277 74.59365503]\n",
      " \n",
      "i_frame= 295\n",
      "S_pre= 231 , KLT_matched= 193 , PnP_inliers= 172 , S_new =  205\n",
      "C_pre= 651 , KLT_matched= 256 , TRI_inliers= 33 , C_new =  696\n",
      "R= [[ 0.9729283   0.04076295 -0.22748387]\n",
      " [-0.03331972  0.99877926  0.03646625]\n",
      " [ 0.22869264 -0.02789935  0.97309881]]\n",
      "T_W= [35.98736741 -1.18427963 75.04540543]\n",
      " \n",
      "i_frame= 296\n",
      "S_pre= 205 , KLT_matched= 166 , PnP_inliers= 149 , S_new =  184\n",
      "C_pre= 696 , KLT_matched= 238 , TRI_inliers= 35 , C_new =  779\n",
      "R= [[ 0.9744198   0.04133457 -0.22090157]\n",
      " [-0.03329326  0.9986447   0.04000399]\n",
      " [ 0.22225573 -0.03162615  0.97447533]]\n",
      "T_W= [36.04049058 -1.18271419 75.49024105]\n",
      " \n",
      "i_frame= 297\n",
      "S_pre= 184 , KLT_matched= 169 , PnP_inliers= 147 , S_new =  196\n",
      "C_pre= 779 , KLT_matched= 270 , TRI_inliers= 49 , C_new =  727\n",
      "R= [[ 0.97637632  0.0440841  -0.21153221]\n",
      " [-0.03685889  0.99859846  0.03798082]\n",
      " [ 0.21291009 -0.02928673  0.97663278]]\n",
      "T_W= [36.12248392 -1.19246637 75.85042948]\n",
      " \n",
      "i_frame= 298\n",
      "S_pre= 196 , KLT_matched= 160 , PnP_inliers= 149 , S_new =  193\n",
      "C_pre= 727 , KLT_matched= 262 , TRI_inliers= 44 , C_new =  780\n",
      "R= [[ 0.97815823  0.04245537 -0.20347978]\n",
      " [-0.03690402  0.99883784  0.03100092]\n",
      " [ 0.20455946 -0.02281459  0.97858823]]\n",
      "T_W= [36.19286713 -1.20310701 76.20879193]\n",
      " \n",
      "i_frame= 299\n",
      "S_pre= 193 , KLT_matched= 168 , PnP_inliers= 160 , S_new =  210\n",
      "C_pre= 780 , KLT_matched= 252 , TRI_inliers= 50 , C_new =  765\n",
      "R= [[ 0.98003212  0.03948732 -0.19487893]\n",
      " [-0.0352598   0.99906253  0.02511596]\n",
      " [ 0.195688   -0.01774305  0.98050568]]\n",
      "T_W= [36.26144897 -1.21361356 76.57048724]\n",
      " \n",
      "i_frame= 300\n",
      "S_pre= 210 , KLT_matched= 178 , PnP_inliers= 168 , S_new =  224\n",
      "C_pre= 765 , KLT_matched= 221 , TRI_inliers= 56 , C_new =  805\n",
      "R= [[ 0.98144571  0.04084982 -0.18733823]\n",
      " [-0.03731647  0.99905353  0.02235027]\n",
      " [ 0.18807392 -0.01494478  0.98204117]]\n",
      "T_W= [36.32481259 -1.22275783 76.91887067]\n",
      " \n",
      "i_frame= 301\n",
      "S_pre= 224 , KLT_matched= 179 , PnP_inliers= 166 , S_new =  208\n",
      "C_pre= 805 , KLT_matched= 173 , TRI_inliers= 42 , C_new =  962\n",
      "R= [[ 0.98262957  0.04001497 -0.18121237]\n",
      " [-0.03688699  0.99910709  0.02060012]\n",
      " [ 0.18187488 -0.01355791  0.98322821]]\n",
      "T_W= [36.3876749  -1.23026608 77.26194774]\n",
      " \n",
      "i_frame= 302\n",
      "S_pre= 208 , KLT_matched= 185 , PnP_inliers= 176 , S_new =  216\n",
      "C_pre= 962 , KLT_matched= 162 , TRI_inliers= 40 , C_new =  963\n",
      "R= [[ 0.98330484  0.04123214 -0.17723291]\n",
      " [-0.03779026  0.99902661  0.02275346]\n",
      " [ 0.17799857 -0.01567591  0.98390588]]\n",
      "T_W= [36.44802859 -1.24035146 77.61731769]\n",
      " \n",
      "i_frame= 303\n",
      "S_pre= 216 , KLT_matched= 198 , PnP_inliers= 190 , S_new =  256\n",
      "C_pre= 963 , KLT_matched= 209 , TRI_inliers= 66 , C_new =  758\n",
      "R= [[ 0.98431408  0.03726859 -0.17244377]\n",
      " [-0.03296655  0.99907127  0.02774552]\n",
      " [ 0.17331765 -0.02162543  0.98462853]]\n",
      "T_W= [36.50537387 -1.24900853 77.96262898]\n",
      " \n",
      "i_frame= 304\n",
      "S_pre= 256 , KLT_matched= 201 , PnP_inliers= 176 , S_new =  213\n",
      "C_pre= 758 , KLT_matched= 170 , TRI_inliers= 37 , C_new =  840\n",
      "R= [[ 0.98511441  0.03187339 -0.16891918]\n",
      " [-0.02656234  0.99908202  0.03360886]\n",
      " [ 0.16983535 -0.02862169  0.98505673]]\n",
      "T_W= [36.55555719 -1.26121511 78.31120186]\n",
      " \n",
      "i_frame= 305\n",
      "S_pre= 213 , KLT_matched= 190 , PnP_inliers= 169 , S_new =  267\n",
      "C_pre= 840 , KLT_matched= 236 , TRI_inliers= 98 , C_new =  683\n",
      "R= [[ 0.98570083  0.03025789 -0.16576593]\n",
      " [-0.02481812  0.99908644  0.03479007]\n",
      " [ 0.16666717 -0.0301786   0.98555127]]\n",
      "T_W= [36.61282674 -1.27876376 78.66676493]\n",
      " \n",
      "i_frame= 306\n",
      "S_pre= 267 , KLT_matched= 210 , PnP_inliers= 190 , S_new =  238\n",
      "C_pre= 683 , KLT_matched= 173 , TRI_inliers= 48 , C_new =  773\n",
      "R= [[ 0.98622166  0.02846296 -0.16296227]\n",
      " [-0.02399638  0.99928223  0.02931224]\n",
      " [ 0.16367962 -0.02499786  0.98619678]]\n",
      "T_W= [36.66413291 -1.28703799 79.03031282]\n",
      " \n",
      "i_frame= 307\n",
      "S_pre= 238 , KLT_matched= 213 , PnP_inliers= 196 , S_new =  262\n",
      "C_pre= 773 , KLT_matched= 245 , TRI_inliers= 66 , C_new =  695\n",
      "R= [[ 0.98664783  0.02621393 -0.1607448 ]\n",
      " [-0.02349972  0.99954775  0.01876345]\n",
      " [ 0.16116397 -0.01473546  0.98681763]]\n",
      "T_W= [36.71127217 -1.29655265 79.39987601]\n",
      " \n",
      "i_frame= 308\n",
      "S_pre= 262 , KLT_matched= 220 , PnP_inliers= 199 , S_new =  280\n",
      "C_pre= 695 , KLT_matched= 224 , TRI_inliers= 81 , C_new =  662\n",
      "R= [[ 0.98740775  0.02470089 -0.15625556]\n",
      " [-0.02319882  0.99966553  0.01142956]\n",
      " [ 0.15648562 -0.0076607   0.98765053]]\n",
      "T_W= [36.76787326 -1.30864674 79.75053012]\n",
      " \n",
      "i_frame= 309\n",
      "S_pre= 280 , KLT_matched= 218 , PnP_inliers= 177 , S_new =  242\n",
      "C_pre= 662 , KLT_matched= 216 , TRI_inliers= 65 , C_new =  838\n",
      "R= [[ 0.98813041  0.02798408 -0.15104695]\n",
      " [-0.02599959  0.99954794  0.01509757]\n",
      " [ 0.15140116 -0.01099121  0.98841129]]\n",
      "T_W= [36.81509377 -1.31824885 80.06958665]\n",
      " \n",
      "i_frame= 310\n",
      "S_pre= 242 , KLT_matched= 214 , PnP_inliers= 205 , S_new =  293\n",
      "C_pre= 838 , KLT_matched= 264 , TRI_inliers= 88 , C_new =  677\n",
      "R= [[ 0.98869572  0.04092984 -0.14424119]\n",
      " [-0.0373927   0.99893177  0.02714975]\n",
      " [ 0.14519834 -0.02144927  0.98917004]]\n",
      "T_W= [36.87647927 -1.32608465 80.40244982]\n",
      " \n",
      "i_frame= 311\n",
      "S_pre= 293 , KLT_matched= 248 , PnP_inliers= 210 , S_new =  269\n",
      "C_pre= 677 , KLT_matched= 200 , TRI_inliers= 59 , C_new =  728\n",
      "R= [[ 0.98943547  0.04335157 -0.13834048]\n",
      " [-0.03922347  0.99870409  0.03242938]\n",
      " [ 0.13956707 -0.02666058  0.98985365]]\n",
      "T_W= [36.91898539 -1.33382211 80.7352948 ]\n",
      " \n",
      "i_frame= 312\n",
      "S_pre= 269 , KLT_matched= 210 , PnP_inliers= 177 , S_new =  238\n",
      "C_pre= 728 , KLT_matched= 191 , TRI_inliers= 61 , C_new =  830\n",
      "R= [[ 0.99074124  0.04015301 -0.12969015]\n",
      " [-0.0364899   0.99886848  0.03049979]\n",
      " [ 0.13076806 -0.02548502  0.99108538]]\n",
      "T_W= [36.97517368 -1.34846407 81.08595615]\n",
      " \n",
      "i_frame= 313\n",
      "S_pre= 238 , KLT_matched= 207 , PnP_inliers= 185 , S_new =  219\n",
      "C_pre= 830 , KLT_matched= 184 , TRI_inliers= 34 , C_new =  835\n",
      "R= [[ 0.99196162  0.04229777 -0.11926039]\n",
      " [-0.03969749  0.99892115  0.02409641]\n",
      " [ 0.12015095 -0.01916837  0.99257056]]\n",
      "T_W= [37.03503347 -1.36514883 81.4106411 ]\n",
      " \n",
      "i_frame= 314\n",
      "S_pre= 219 , KLT_matched= 194 , PnP_inliers= 178 , S_new =  227\n",
      "C_pre= 835 , KLT_matched= 191 , TRI_inliers= 49 , C_new =  849\n",
      "R= [[ 0.99271328  0.04746415 -0.11075869]\n",
      " [-0.04543034  0.99875061  0.02081598]\n",
      " [ 0.11160833 -0.01563249  0.99362931]]\n",
      "T_W= [37.08365558 -1.37860467 81.74243641]\n",
      " \n",
      "i_frame= 315\n",
      "S_pre= 227 , KLT_matched= 206 , PnP_inliers= 166 , S_new =  258\n",
      "C_pre= 849 , KLT_matched= 260 , TRI_inliers= 92 , C_new =  711\n",
      "R= [[ 0.9929523   0.05685605 -0.1039862 ]\n",
      " [-0.05531107  0.99831256  0.01768364]\n",
      " [ 0.10481615 -0.01180742  0.99442152]]\n",
      "T_W= [37.12453032 -1.38507578 82.06590128]\n",
      " \n",
      "i_frame= 316\n",
      "S_pre= 258 , KLT_matched= 229 , PnP_inliers= 216 , S_new =  314\n",
      "C_pre= 711 , KLT_matched= 257 , TRI_inliers= 98 , C_new =  588\n",
      "R= [[ 0.99339347  0.06101505 -0.09719346]\n",
      " [-0.05951103  0.99805986  0.01830171]\n",
      " [ 0.09812157 -0.01239672  0.99509722]]\n",
      "T_W= [37.16045207 -1.39482058 82.40116214]\n",
      " \n",
      "i_frame= 317\n",
      "S_pre= 314 , KLT_matched= 274 , PnP_inliers= 258 , S_new =  325\n",
      "C_pre= 588 , KLT_matched= 213 , TRI_inliers= 67 , C_new =  570\n",
      "R= [[ 0.99370408  0.06399499 -0.0919611 ]\n",
      " [-0.06189317  0.99775617  0.02553144]\n",
      " [ 0.09338864 -0.01967893  0.99543523]]\n",
      "T_W= [37.18497085 -1.40556037 82.73450623]\n",
      " \n",
      "i_frame= 318\n",
      "S_pre= 325 , KLT_matched= 271 , PnP_inliers= 236 , S_new =  294\n",
      "C_pre= 570 , KLT_matched= 187 , TRI_inliers= 58 , C_new =  652\n",
      "R= [[ 0.99379753  0.07436836 -0.08267902]\n",
      " [-0.07152312  0.99675756  0.03686209]\n",
      " [ 0.08515231 -0.03071999  0.99589425]]\n",
      "T_W= [37.22050999 -1.411592   83.06687821]\n",
      " \n",
      "i_frame= 319\n",
      "S_pre= 294 , KLT_matched= 228 , PnP_inliers= 198 , S_new =  246\n",
      "C_pre= 652 , KLT_matched= 240 , TRI_inliers= 48 , C_new =  736\n",
      "R= [[ 0.99371705  0.0830011  -0.0750816 ]\n",
      " [-0.08013587  0.99596464  0.04040646]\n",
      " [ 0.07813239 -0.03413586  0.99635841]]\n",
      "T_W= [37.24982452 -1.42916941 83.4075752 ]\n",
      " \n",
      "i_frame= 320\n",
      "S_pre= 246 , KLT_matched= 186 , PnP_inliers= 169 , S_new =  232\n",
      "C_pre= 736 , KLT_matched= 256 , TRI_inliers= 63 , C_new =  788\n",
      "R= [[ 0.99444431  0.07959124 -0.06888942]\n",
      " [-0.07745139  0.99644323  0.03319899]\n",
      " [ 0.07128674 -0.02767897  0.99707175]]\n",
      "T_W= [37.26937594 -1.43949697 83.747091  ]\n",
      " \n",
      "i_frame= 321\n",
      "S_pre= 232 , KLT_matched= 189 , PnP_inliers= 182 , S_new =  276\n",
      "C_pre= 788 , KLT_matched= 308 , TRI_inliers= 94 , C_new =  668\n",
      "R= [[ 0.99558392  0.06919714 -0.06343825]\n",
      " [-0.06811611  0.9974955   0.01905056]\n",
      " [ 0.06459761 -0.01464526  0.99780392]]\n",
      "T_W= [37.284078   -1.45114274 84.08371836]\n",
      " \n",
      "i_frame= 322\n",
      "S_pre= 276 , KLT_matched= 194 , PnP_inliers= 174 , S_new =  208\n",
      "C_pre= 668 , KLT_matched= 182 , TRI_inliers= 34 , C_new =  880\n",
      "R= [[ 0.99620319  0.06483781 -0.05809707]\n",
      " [-0.06430906  0.9978702   0.01092703]\n",
      " [ 0.05868182 -0.00714937  0.99825114]]\n",
      "T_W= [37.30095101 -1.46391996 84.42893195]\n",
      " \n",
      "i_frame= 323\n",
      "S_pre= 208 , KLT_matched= 175 , PnP_inliers= 154 , S_new =  214\n",
      "C_pre= 880 , KLT_matched= 243 , TRI_inliers= 60 , C_new =  847\n",
      "R= [[ 0.99638395  0.06613689 -0.05333791]\n",
      " [-0.06549977  0.99775979  0.01360784]\n",
      " [ 0.0541184  -0.01006501  0.9984838 ]]\n",
      "T_W= [37.31739221 -1.47389986 84.74262676]\n",
      " \n",
      "i_frame= 324\n",
      "S_pre= 214 , KLT_matched= 183 , PnP_inliers= 163 , S_new =  215\n",
      "C_pre= 847 , KLT_matched= 257 , TRI_inliers= 52 , C_new =  800\n",
      "R= [[ 0.99667376  0.06478495 -0.04944017]\n",
      " [-0.06366033  0.99768314  0.02399422]\n",
      " [ 0.05088009 -0.02076704  0.99848883]]\n",
      "T_W= [37.34516996 -1.48154541 85.08665402]\n",
      " \n",
      "i_frame= 325\n",
      "S_pre= 215 , KLT_matched= 182 , PnP_inliers= 159 , S_new =  204\n",
      "C_pre= 800 , KLT_matched= 233 , TRI_inliers= 45 , C_new =  813\n",
      "R= [[ 0.99737892  0.05505719 -0.04694664]\n",
      " [-0.05355754  0.99803164  0.03262554]\n",
      " [ 0.0486505  -0.03002568  0.99836446]]\n",
      "T_W= [37.35386135 -1.49015949 85.39956262]\n",
      " \n",
      "i_frame= 326\n",
      "S_pre= 204 , KLT_matched= 188 , PnP_inliers= 176 , S_new =  209\n",
      "C_pre= 813 , KLT_matched= 220 , TRI_inliers= 33 , C_new =  755\n",
      "R= [[ 0.99733882  0.05829391 -0.04378469]\n",
      " [-0.05666697  0.99768775  0.03752338]\n",
      " [ 0.04587084 -0.03494238  0.99833606]]\n",
      "T_W= [37.37075868 -1.49222175 85.74330941]\n",
      " \n",
      "i_frame= 327\n",
      "S_pre= 209 , KLT_matched= 194 , PnP_inliers= 179 , S_new =  232\n",
      "C_pre= 755 , KLT_matched= 216 , TRI_inliers= 53 , C_new =  771\n",
      "R= [[ 0.99706206  0.06512608 -0.04032173]\n",
      " [-0.06374339  0.99736364  0.03467779]\n",
      " [ 0.04247386 -0.03200566  0.9985848 ]]\n",
      "T_W= [37.389457   -1.4945402  86.07633423]\n",
      " \n",
      "i_frame= 328\n",
      "S_pre= 232 , KLT_matched= 214 , PnP_inliers= 195 , S_new =  247\n",
      "C_pre= 771 , KLT_matched= 219 , TRI_inliers= 52 , C_new =  746\n",
      "R= [[ 0.99699109  0.06635651 -0.04006973]\n",
      " [-0.06534097  0.99752043  0.02614484]\n",
      " [ 0.04170525 -0.02344798  0.99885478]]\n",
      "T_W= [37.40301526 -1.502585   86.39985158]\n",
      " \n",
      "i_frame= 329\n",
      "S_pre= 247 , KLT_matched= 186 , PnP_inliers= 172 , S_new =  216\n",
      "C_pre= 746 , KLT_matched= 197 , TRI_inliers= 44 , C_new =  882\n",
      "R= [[ 0.9970342   0.06534578 -0.04065375]\n",
      " [-0.0645336   0.99769496  0.02098068]\n",
      " [ 0.04193104 -0.01829492  0.99895299]]\n",
      "T_W= [37.4044385  -1.51191724 86.75845402]\n",
      " \n",
      "i_frame= 330\n",
      "S_pre= 216 , KLT_matched= 189 , PnP_inliers= 174 , S_new =  233\n",
      "C_pre= 882 , KLT_matched= 308 , TRI_inliers= 59 , C_new =  761\n",
      "R= [[ 0.99700004  0.06630997 -0.03992379]\n",
      " [-0.0654325   0.99759421  0.02289943]\n",
      " [ 0.0413462  -0.02021842  0.99894029]]\n",
      "T_W= [37.40373002 -1.51761973 87.10121871]\n",
      " \n",
      "i_frame= 331\n",
      "S_pre= 233 , KLT_matched= 198 , PnP_inliers= 186 , S_new =  234\n",
      "C_pre= 761 , KLT_matched= 281 , TRI_inliers= 48 , C_new =  736\n",
      "R= [[ 0.99679273  0.07031714 -0.03820674]\n",
      " [-0.06904718  0.99704737  0.03360113]\n",
      " [ 0.04045666 -0.0308553   0.99870477]]\n",
      "T_W= [37.40567332 -1.52157676 87.46175607]\n",
      " \n",
      "i_frame= 332\n",
      "S_pre= 234 , KLT_matched= 195 , PnP_inliers= 182 , S_new =  203\n",
      "C_pre= 736 , KLT_matched= 222 , TRI_inliers= 21 , C_new =  806\n",
      "R= [[ 0.99609894  0.08052649 -0.03608853]\n",
      " [-0.07885356  0.99584258  0.04560344]\n",
      " [ 0.03961077 -0.04257983  0.99830754]]\n",
      "T_W= [37.41352257 -1.53452877 87.8019958 ]\n",
      " \n",
      "i_frame= 333\n",
      "S_pre= 203 , KLT_matched= 175 , PnP_inliers= 152 , S_new =  196\n",
      "C_pre= 806 , KLT_matched= 248 , TRI_inliers= 44 , C_new =  787\n",
      "R= [[ 0.99520198  0.09134865 -0.0350491 ]\n",
      " [-0.08946702  0.99463414  0.05194794]\n",
      " [ 0.03960641 -0.04856295  0.99803455]]\n",
      "T_W= [37.41701302 -1.5373425  88.15740123]\n",
      " \n",
      "i_frame= 334\n",
      "S_pre= 196 , KLT_matched= 158 , PnP_inliers= 144 , S_new =  200\n",
      "C_pre= 787 , KLT_matched= 278 , TRI_inliers= 56 , C_new =  750\n",
      "R= [[ 0.99532337  0.08985944 -0.03544953]\n",
      " [-0.08807113  0.99490132  0.04914094]\n",
      " [ 0.03968457 -0.04578905  0.99816256]]\n",
      "T_W= [37.409372   -1.54479529 88.51260855]\n",
      " \n",
      "i_frame= 335\n",
      "S_pre= 200 , KLT_matched= 151 , PnP_inliers= 143 , S_new =  190\n",
      "C_pre= 750 , KLT_matched= 256 , TRI_inliers= 47 , C_new =  777\n",
      "R= [[ 0.99566648  0.08587436 -0.03569105]\n",
      " [-0.084484    0.99566938  0.03879348]\n",
      " [ 0.03886785 -0.03561005  0.99860964]]\n",
      "T_W= [37.40160974 -1.55769658 88.8543931 ]\n",
      " \n",
      "i_frame= 336\n",
      "S_pre= 190 , KLT_matched= 156 , PnP_inliers= 131 , S_new =  156\n",
      "C_pre= 777 , KLT_matched= 208 , TRI_inliers= 25 , C_new =  894\n",
      "R= [[ 0.99548204  0.08889619 -0.03336122]\n",
      " [-0.08760485  0.99541651  0.03835825]\n",
      " [ 0.03661821 -0.03526234  0.998707  ]]\n",
      "T_W= [37.40700549 -1.55827391 89.19707518]\n",
      " \n",
      "i_frame= 337\n",
      "S_pre= 156 , KLT_matched= 139 , PnP_inliers= 126 , S_new =  205\n",
      "C_pre= 894 , KLT_matched= 294 , TRI_inliers= 79 , C_new =  753\n",
      "R= [[ 0.99537631  0.09029827 -0.03274474]\n",
      " [-0.08887293  0.99512956  0.04264694]\n",
      " [ 0.0364362  -0.03953964  0.99855346]]\n",
      "T_W= [37.40868313 -1.57094998 89.52758562]\n",
      " \n",
      "i_frame= 338\n",
      "S_pre= 205 , KLT_matched= 180 , PnP_inliers= 175 , S_new =  198\n",
      "C_pre= 753 , KLT_matched= 202 , TRI_inliers= 23 , C_new =  794\n",
      "R= [[ 0.9953078   0.0908157  -0.03338996]\n",
      " [-0.08910825  0.99479154  0.04949246]\n",
      " [ 0.03771074 -0.04628491  0.99821621]]\n",
      "T_W= [37.40911447 -1.5824626  89.84727698]\n",
      " \n",
      "i_frame= 339\n",
      "S_pre= 198 , KLT_matched= 155 , PnP_inliers= 137 , S_new =  188\n",
      "C_pre= 794 , KLT_matched= 212 , TRI_inliers= 51 , C_new =  853\n",
      "R= [[ 0.99590447  0.08395031 -0.03356539]\n",
      " [-0.08225177  0.99539966  0.0491341 ]\n",
      " [ 0.0375358  -0.04617205  0.99822803]]\n",
      "T_W= [37.41208044 -1.60125832 90.16426977]\n",
      " \n",
      "i_frame= 340\n",
      "S_pre= 188 , KLT_matched= 141 , PnP_inliers= 135 , S_new =  171\n",
      "C_pre= 853 , KLT_matched= 184 , TRI_inliers= 36 , C_new =  943\n",
      "R= [[ 0.9962318   0.07996238 -0.03358904]\n",
      " [-0.0784042   0.99588757  0.04539524]\n",
      " [ 0.03708082 -0.04259066  0.99840425]]\n",
      "T_W= [37.41361098 -1.61932744 90.48961423]\n",
      " \n",
      "i_frame= 341\n"
     ]
    }
   ],
   "source": [
    "#open a new window for plot\n",
    "%matplotlib tk\n",
    "importlib.reload(mae6292)\n",
    "\n",
    "# PARAMETERS\n",
    "param = {\n",
    "    # keypoints\n",
    "    'W_harris_patch' : 4, # size of harris patch\n",
    "    'kappa_harris' : 0.08, # kappa for harris score\n",
    "    'N_keypoint' : 2000, # number of keypoints to be detected\n",
    "    'W_nms' : 8, # patch size for non-maximum supression\n",
    "    # KLT\n",
    "    'W_KLT' : 4, # patch size for KLT\n",
    "    'tol_KLT_bidir' : 1, # tolerence of bidirectional error\n",
    "    # triangulation\n",
    "    'tol_TRI_mu' : 1e-3, # tolerence for the singular value ratio\n",
    "    'tol_TRI_rep' : 0.5, # tolerence for the reprojection error\n",
    "    'tol_TRI_depth' : (1, 100), # min depth and max depth for triangulation\n",
    "    # mapping\n",
    "    'tol_keypoints_new' : 18 # new keypoints should be district from the tracked keypoints by this distance\n",
    "} # up to 1000 \n",
    "\n",
    "\n",
    "# iniitlize iteration\n",
    "img_pre = img0\n",
    "S_pre = mae6292.state(keypoints0, p_W0, [np.zeros((3,1))])\n",
    "C_pre = mae6292.candidate([],[],[],[])\n",
    "\n",
    "# number of frames to process\n",
    "N_frames = 3000\n",
    "display_process = True\n",
    "\n",
    "# varialbes to save the vehicle location and the keypoints in the W-frame \n",
    "T_W = np.zeros((3,N_frames+1))\n",
    "p_W = p_W0\n",
    "\n",
    "\n",
    "for i_frame in range(1,N_frames+1):\n",
    "    \n",
    "    print('i_frame=',i_frame)\n",
    "\n",
    "    # VO localization and mapping\n",
    "    img = cv2.imread(\"/Users/tylee/Downloads/kitti/00/image_0/{:06d}.png\".format(i_frame),cv2.IMREAD_GRAYSCALE)\n",
    "    R, T, S, C, fig = mae6292.VO_localization_mapping(i_frame, img, img_pre, S_pre, C_pre, K, param, display_process)\n",
    "    img_pre, S_pre, C_pre = img, S, C\n",
    "\n",
    "    # save figure \n",
    "    if display_process:\n",
    "        fig.savefig(\"/Users/tylee/Downloads/kitti/00/output/{:06d}.png\".format(i_frame))\n",
    "        plt.close(fig)\n",
    "\n",
    "    # save the vehicle location and the distinct keypoints \n",
    "    T_W[:,i_frame] = (-R.T@T).flatten()\n",
    "    p_W_dist = scipy.spatial.distance.cdist( S.p_W.T, p_W.T , 'euclidean')\n",
    "    index_distinct = np.where( np.min(p_W_dist, axis=1) > 3 )[0]\n",
    "    p_W = np.append(p_W, S.p_W[:,index_distinct], axis=1)\n",
    "\n",
    "    # print pose\n",
    "    print('R=',R)\n",
    "    print('T_W=',(-R.T@T).flatten())\n",
    "    print(' ')\n",
    "\n",
    "\n"
   ]
  },
  {
   "source": [
    "The following codes visualize the vehicle trajectory and the keypoints in the W-frame. \n",
    "\n",
    "(You may need to adjust th eaxis limit)"
   ],
   "cell_type": "markdown",
   "metadata": {}
  },
  {
   "cell_type": "code",
   "execution_count": 16,
   "metadata": {},
   "outputs": [
    {
     "output_type": "display_data",
     "data": {
      "text/plain": "<Figure size 750x1200 with 1 Axes>",
